Rk,Squad,Comp,# Pl,Poss,Touches,Def Pen,Def 3rd,Mid 3rd,Att 3rd,Att Pen,Live,Succ,Att,Succ%,#Pl,Megs,Carries,TotDist,PrgDist,Targ,Rec,Rec%,Miscon,Dispos
1,Alavés,es La Liga,32,41.1,17992,2141,6134,8850,3878,563,16042,250,466,53.6,277,14,9417,53334,26549,12391,9724,78.5,458,386
2,Amiens,fr Ligue 1,27,45.5,15903,1660,4991,8238,3582,415,14501,283,476,59.5,317,20,9853,53381,28763,11622,9628,82.8,409,426
3,Angers,fr Ligue 1,26,45.1,16741,1448,5350,8130,4356,592,15332,344,558,61.6,367,26,10806,62209,34352,12508,10616,84.9,386,358
4,Arsenal,eng Premier League,29,54.0,24196,2926,8613,11497,5714,934,22390,429,712,60.3,456,35,16310,97524,55338,18851,16349,86.7,448,451
5,Aston Villa,eng Premier League,28,43.9,19827,2769,7305,8467,5350,783,17902,368,584,63.0,404,25,11555,74823,39558,14087,11530,81.8,409,428
6,Atalanta,it Serie A,30,57.8,26357,2038,7049,12944,8153,1268,24559,410,697,58.8,440,32,18048,107606,57649,20463,18080,88.4,458,468
7,Athletic Club,es La Liga,26,48.7,20945,2191,6617,10445,5181,655,19036,342,567,60.3,374,22,12246,72999,39833,15307,12589,82.2,468,398
8,Atlético Madrid,es La Liga,30,48.5,22042,2034,6513,11157,5571,876,20176,350,585,59.8,372,18,13465,71848,38363,16316,13709,84.0,519,396
9,Augsburg,de Bundesliga,28,38.1,16354,2509,6700,7045,3534,569,14630,251,488,51.4,284,19,9156,55661,29047,11083,8618,77.8,424,390
10,Barcelona,es La Liga,28,66.9,32097,2720,8347,16677,9213,1180,30469,512,822,62.3,543,27,23591,124502,70749,27495,24981,90.9,392,366
11,Bayern Munich,de Bundesliga,29,65.6,28045,2149,7738,14375,7803,1317,26380,521,834,62.5,565,28,20155,112334,60759,23353,20739,88.8,444,377
12,Betis,es La Liga,27,57.1,23919,2708,8180,11426,5889,940,21926,447,690,64.8,481,27,16013,94512,52407,18548,16293,87.8,490,404
13,Bologna,it Serie A,31,52.9,22942,2524,7206,10874,6303,886,21030,428,720,59.4,461,22,14603,90218,49797,17123,14634,85.5,464,440
14,Bordeaux,fr Ligue 1,26,53.9,18354,1879,6061,10294,3160,431,17004,283,479,59.1,314,15,12388,68376,35734,14141,12352,87.3,358,401
15,Bournemouth,eng Premier League,27,43.8,20687,2739,7757,8699,5398,834,18879,362,648,55.9,396,28,12186,73827,38855,14684,11942,81.3,522,437
16,Brescia,it Serie A,32,40.3,19036,2728,7370,8129,4745,734,17022,320,517,61.9,342,15,11120,71961,39807,13481,11012,81.7,417,392
17,Brest,fr Ligue 1,24,49.7,17433,2165,6599,7977,3966,528,15987,229,412,55.6,248,16,11199,63496,33907,13039,11090,85.1,378,335
18,Brighton,eng Premier League,25,52.2,24066,2875,8783,10590,6196,883,22325,361,599,60.3,380,21,15610,91751,47720,18478,15696,84.9,474,512
19,Burnley,eng Premier League,22,41.4,18704,2365,5993,8774,4845,659,16886,270,472,57.2,292,18,9851,55581,27135,12820,9926,77.4,406,355
20,Cagliari,it Serie A,33,45.5,21166,2763,7688,9811,5141,655,19293,366,564,64.9,390,12,13348,83497,45388,15653,13302,85.0,414,445
21,Celta Vigo,es La Liga,30,51.9,22702,2428,7514,11367,5176,679,20821,367,596,61.6,390,16,14522,84074,44001,17193,14692,85.5,460,450
22,Chelsea,eng Premier League,27,60.7,29171,2484,8815,14257,7920,1206,27383,465,718,64.8,497,14,20509,113128,61622,23597,20664,87.6,474,479
23,Crystal Palace,eng Premier League,25,44.5,20780,2485,7320,9546,5125,907,18844,447,713,62.7,473,24,12376,72789,38610,14788,12134,82.1,507,555
24,Dijon,fr Ligue 1,28,46.5,16420,1976,6250,7906,3324,538,15029,355,609,58.3,393,17,10406,63177,35127,12059,10180,84.4,351,392
25,Dortmund,de Bundesliga,27,61.0,27903,2183,8548,14302,6859,980,26352,504,829,60.8,546,40,20140,109153,58150,23240,20781,89.4,437,420
26,Düsseldorf,de Bundesliga,28,45.4,18882,2196,6989,8308,4638,626,17183,294,490,60.0,315,10,11508,62828,34741,13976,11476,82.1,411,362
27,Eibar,es La Liga,26,46.3,19711,1879,5278,9802,5668,704,17635,260,439,59.2,284,16,10552,60323,29261,13748,10623,77.3,526,401
28,Eint Frankfurt,de Bundesliga,27,51.0,20518,2148,6654,10030,5131,844,18763,346,568,60.9,367,19,12398,75997,42392,15261,12408,81.3,412,361
29,Espanyol,es La Liga,31,47.3,20407,2255,6895,10188,4489,652,18543,288,506,56.9,314,15,11941,71733,38177,14837,12033,81.1,483,375
30,Everton,eng Premier League,24,49.2,21843,2699,7590,9927,5595,889,20004,391,633,61.8,428,31,13247,78958,41901,16043,13240,82.5,490,472
31,Fiorentina,it Serie A,33,47.3,21656,2399,7027,10271,5861,979,19841,472,728,64.8,502,23,14059,89160,52017,16131,13789,85.5,463,466
32,Freiburg,de Bundesliga,26,47.9,19652,2772,7746,8667,4539,733,17866,276,483,57.1,294,16,12224,76437,41750,14286,12093,84.6,410,387
33,Genoa,it Serie A,34,49.5,22396,2972,8104,10344,5265,761,20470,361,615,58.7,392,23,14382,81968,43216,16818,14406,85.7,427,434
34,Getafe,es La Liga,30,44.6,17760,1588,4715,8406,5416,717,15556,262,448,58.5,289,13,8692,50038,25409,11587,8447,72.9,521,408
35,Granada,es La Liga,27,43.7,18072,2365,6249,8417,4361,612,16138,303,520,58.3,328,22,10152,60106,31260,12437,9933,79.9,443,343
36,Hellas Verona,it Serie A,30,49.8,21760,2507,6777,10796,5594,840,19880,376,619,60.7,404,25,13361,82835,44238,16184,13386,82.7,426,332
37,Hertha BSC,de Bundesliga,32,44.7,19059,2390,7281,8956,4051,569,17469,391,594,65.8,412,18,11846,73288,39870,13820,11479,83.1,444,401
38,Hoffenheim,de Bundesliga,31,51.9,22071,2697,8705,10203,4512,780,20394,309,535,57.8,331,15,13902,77383,42343,16826,14591,86.7,417,411
39,Inter,it Serie A,29,54.2,24871,2662,7964,11912,6605,1133,23147,333,524,63.5,360,11,16631,95547,53867,19769,17323,87.6,398,370
40,Juventus,it Serie A,30,58.3,27690,2192,6983,14382,8110,998,25948,439,687,63.9,469,20,18744,101093,55981,22471,20302,90.3,424,380
41,Köln,de Bundesliga,29,46.7,19176,2370,7269,8595,4453,682,17445,291,495,58.8,315,12,11332,67700,34899,13813,11293,81.8,489,352
42,Lazio,it Serie A,27,50.5,23467,2634,7646,10923,6707,1058,21854,397,636,62.4,436,23,16153,105079,61406,18184,16036,88.2,429,372
43,Lecce,it Serie A,30,44.6,21337,2985,8158,9452,5167,824,19546,325,512,63.5,350,19,13326,83608,48026,15992,13757,86.0,380,365
44,Leganés,es La Liga,29,43.8,18956,1869,5893,9224,4875,703,17013,341,576,59.2,378,27,10795,62424,32527,13104,10467,79.9,454,382
45,Leicester City,eng Premier League,24,57.6,25869,2349,8071,12497,6810,1001,24031,411,677,60.7,444,22,16888,93641,50934,20015,17332,86.6,469,479
46,Levante,es La Liga,29,48.4,20356,2651,7558,9478,4499,696,18489,394,670,58.8,429,24,12554,75336,41687,14968,12463,83.3,459,383
47,Leverkusen,de Bundesliga,24,63.8,26975,2466,8622,14296,5839,922,25265,472,758,62.3,505,34,18798,103259,53109,21880,19160,87.6,460,450
48,Lille,fr Ligue 1,25,53.0,17366,1360,4522,9473,4563,615,15961,343,575,59.7,378,29,11627,70400,38685,13330,11307,84.8,373,371
49,Liverpool,eng Premier League,24,63.4,29380,2179,7579,15101,8490,1325,27526,439,719,61.1,482,27,20118,104986,57175,24019,20887,87.0,477,426
50,Lyon,fr Ligue 1,27,56.4,19252,1799,6086,10050,4470,599,17971,365,596,61.2,399,12,13296,76548,42753,15206,13379,88.0,399,388
51,M'Gladbach,de Bundesliga,25,52.4,21965,2523,8191,10420,4817,856,20256,426,685,62.2,454,29,14431,82475,46678,17067,14479,84.8,403,406
52,Mainz 05,de Bundesliga,25,43.2,18333,2381,6633,8412,4477,705,16601,413,662,62.4,448,21,11106,69502,38891,12656,10302,81.4,511,405
53,Mallorca,es La Liga,32,44.6,19860,2495,6874,9223,5077,737,17940,382,634,60.3,409,18,12287,82292,45763,14370,11932,83.0,509,481
54,Manchester City,eng Premier League,24,66.9,31552,2218,7282,16360,10068,1629,30004,540,815,66.3,566,23,22893,127664,75386,26741,24266,90.7,332,396
55,Manchester Utd,eng Premier League,29,56.2,25675,2321,7491,12596,7341,990,23880,475,780,60.9,506,39,17480,105425,60974,20060,17543,87.5,451,478
56,Marseille,fr Ligue 1,23,54.0,18070,1611,5589,9191,4499,603,16705,324,565,57.3,351,17,11865,72272,40253,13979,12013,85.9,324,329
57,Metz,fr Ligue 1,24,45.3,15989,1744,5744,7826,3513,419,14695,383,623,61.5,415,23,10379,65689,35405,11569,9635,83.3,375,350
58,Milan,it Serie A,32,55.1,25056,2452,7401,12420,6986,1067,23253,455,703,64.7,478,22,16900,99834,55548,19643,17281,88.0,438,447
59,Monaco,fr Ligue 1,28,50.8,17693,1682,5342,9094,4508,751,16382,359,596,60.2,384,15,11692,72340,42219,13731,11748,85.6,357,306
60,Montpellier,fr Ligue 1,27,47.6,15863,1717,5430,7648,3798,502,14477,225,467,48.2,246,14,9876,57291,31608,11740,9682,82.5,371,262
61,Nantes,fr Ligue 1,29,48.1,16979,1575,5434,8461,4094,551,15590,336,592,56.8,371,10,10638,61366,34309,12608,10599,84.1,377,380
62,Napoli,it Serie A,25,59.5,28332,2339,7684,14301,8295,1062,26555,392,631,62.1,416,36,20249,112412,64813,23536,21245,90.3,365,345
63,Newcastle Utd,eng Premier League,28,38.6,18719,2502,7628,7783,4334,594,16999,427,657,65.0,457,18,10761,64354,34431,12987,10502,80.9,453,407
64,Nice,fr Ligue 1,31,55.0,18877,2057,7149,9342,3799,526,17568,354,615,57.6,390,18,13389,78217,45961,14938,13378,89.6,401,366
65,Nîmes,fr Ligue 1,28,44.6,14588,1467,5048,6566,3871,534,13020,275,522,52.7,299,16,8483,52090,29928,10255,8173,79.7,356,297
66,Norwich City,eng Premier League,30,49.3,23022,3273,9318,9989,5160,734,21235,451,731,61.7,483,33,14490,86382,46863,17229,14610,84.8,478,466
67,Osasuna,es La Liga,31,47.5,20185,2108,6184,9989,5057,749,18195,336,539,62.3,358,17,11042,62832,34260,14128,11101,78.6,505,413
68,Paderborn 07,de Bundesliga,27,45.7,19620,2681,8422,8328,4229,622,17769,421,755,55.8,473,42,12148,80573,45877,13915,11641,83.7,511,474
69,Paris S-G,fr Ligue 1,31,65.6,22010,1479,5523,12089,5925,948,20847,438,720,60.8,470,28,16214,88046,50240,18398,16845,91.6,321,333
70,Parma,it Serie A,25,43.6,20215,2935,7596,9062,4847,833,18342,391,660,59.2,420,32,12220,78008,45383,14624,12330,84.3,491,397
71,RB Leipzig,de Bundesliga,29,55.5,24211,2246,7393,12119,6186,1030,22547,424,680,62.4,462,17,16110,90569,50481,18953,16395,86.5,501,388
72,Real Madrid,es La Liga,26,59.1,27878,2455,7970,13775,7788,1184,26119,463,775,59.7,505,21,18869,106798,58654,22895,20329,88.8,462,353
73,Real Sociedad,es La Liga,27,56.6,24152,2567,7802,12291,5601,863,22261,353,590,59.8,371,14,15858,92857,50834,18683,16045,85.9,452,418
74,Reims,fr Ligue 1,26,48.8,16512,1805,6353,7664,3683,558,15104,378,617,61.3,406,15,10715,70188,39845,12252,10361,84.6,371,300
75,Rennes,fr Ligue 1,26,49.8,16554,1817,5765,8423,3444,508,15178,284,489,58.1,305,19,10571,62427,35021,12286,10454,85.1,366,354
76,Roma,it Serie A,31,52.9,23491,2441,7217,11606,6550,1103,21717,429,696,61.6,463,33,15560,108142,61403,18375,16108,87.7,434,360
77,Saint-Étienne,fr Ligue 1,31,48.0,16405,1629,5725,8189,3557,466,14965,329,534,61.6,359,14,10274,63561,34788,12089,10086,83.4,357,379
78,Sampdoria,it Serie A,31,42.4,20183,2404,6584,9410,5492,776,18350,349,570,61.2,365,24,12230,73038,40477,14468,12021,83.1,386,382
79,Sassuolo,it Serie A,31,57.8,26144,2695,8001,13298,6689,948,24344,511,795,64.3,546,35,18372,109566,64497,20841,18700,89.7,401,462
80,Schalke 04,de Bundesliga,29,49.0,20016,2408,7302,9239,4860,695,18339,436,737,59.2,462,26,12669,79819,43117,14904,12189,81.8,510,474
81,Sevilla,es La Liga,26,58.4,25795,2394,7978,12754,6534,991,23880,433,668,64.8,467,15,17048,92570,50739,20172,17663,87.6,471,451
82,Sheffield Utd,eng Premier League,26,43.1,20791,2311,6363,8946,6493,824,19017,364,540,67.4,387,22,11989,64547,32548,15040,12054,80.1,418,371
83,Southampton,eng Premier League,25,49.3,22029,2217,6593,10572,6062,900,20097,455,739,61.6,490,23,12531,73477,39027,15420,12481,80.9,515,431
84,SPAL,it Serie A,34,46.8,21112,2804,7530,9811,5115,706,19253,393,605,65.0,414,20,13430,80927,44155,15586,13451,86.3,400,416
85,Strasbourg,fr Ligue 1,25,49.7,15862,1563,5327,7924,3766,531,14579,288,466,61.8,316,14,10231,63651,35232,11990,10203,85.1,395,301
86,Torino,it Serie A,27,47.5,21006,2680,7614,9564,5246,833,19100,496,783,63.3,529,15,13063,84966,47283,14983,12627,84.3,462,464
87,Tottenham,eng Premier League,29,52.2,24347,2655,7926,11794,6111,815,22571,467,804,58.1,510,33,15693,90195,49135,18554,15794,85.1,410,470
88,Toulouse,fr Ligue 1,30,44.0,15603,1880,5471,7444,3733,528,14220,321,501,64.1,343,8,9817,61894,35492,11390,9428,82.8,396,356
89,Udinese,it Serie A,25,44.7,21038,2619,7642,9704,5094,793,19331,365,608,60.0,394,18,13363,83428,47368,15710,13403,85.3,419,378
90,Union Berlin,de Bundesliga,26,41.8,17733,2286,6746,7802,4154,615,16020,284,444,64.0,304,16,9295,56087,28778,12114,9503,78.4,458,353
91,Valencia,es La Liga,28,48.9,21958,2790,7972,10515,4832,709,20177,353,557,63.4,376,13,14244,84453,44475,16844,14566,86.5,444,341
92,Valladolid,es La Liga,30,44.3,19441,2299,6704,9739,4102,545,17475,329,584,56.3,351,18,11459,70819,36834,13686,11195,81.8,434,354
93,Villarreal,es La Liga,25,53.2,24211,2721,8164,12023,5406,842,22390,419,673,62.3,446,17,15651,87359,47924,18932,16361,86.4,485,354
94,Watford,eng Premier League,26,42.5,19956,2253,6442,9052,5489,875,18180,358,615,58.2,380,15,11588,64448,35230,14072,11207,79.6,446,411
95,Werder Bremen,de Bundesliga,30,48.8,20863,2519,7265,10087,4783,704,19078,278,487,57.1,296,17,12938,73123,39211,15464,12978,83.9,453,403
96,West Ham,eng Premier League,29,44.0,20828,2284,6462,9958,5606,832,19022,407,646,63.0,430,23,12520,76101,39292,15315,12388,80.9,399,408
97,Wolfsburg,de Bundesliga,26,48.3,19911,2102,6576,9616,4946,787,18132,388,617,62.9,414,30,11921,71694,40133,14309,11716,81.9,469,469
98,Wolves,eng Premier League,21,48.3,22382,2102,7283,10927,5473,843,20636,519,818,63.4,561,32,14113,82977,48556,16704,14072,84.2,447,454