Rk,Squad,Comp,# Pl,Poss,MP,Starts,SquadMin,Gls,Ast,PK,PKatt,CrdY,CrdR,Gls,Ast,G+A,G-PK,G+A-PK,xG,npxG,xA,xG,xA,xG+xA,npxG,npxG+xA
1,Alavés,es La Liga,32,41.1,38,418,3420,34,20,6,6,111,7,0.89,0.53,1.42,0.74,1.26,36.9,32.4,23.5,0.97,0.62,1.59,0.85,1.47
2,Amiens,fr Ligue 1,27,45.5,28,308,2520,31,20,3,5,57,4,1.11,0.71,1.82,1.00,1.71,26.8,22.9,16.7,0.96,0.60,1.56,0.82,1.42
3,Angers,fr Ligue 1,26,45.1,28,308,2520,27,21,1,1,42,2,0.96,0.75,1.71,0.93,1.68,27.1,26.3,20.3,0.97,0.73,1.69,0.94,1.67
4,Arsenal,eng Premier League,29,54.0,38,418,3420,56,35,3,3,88,5,1.47,0.92,2.39,1.39,2.32,49.1,46.8,30.2,1.29,0.79,2.08,1.23,2.02
5,Aston Villa,eng Premier League,28,43.9,38,418,3420,40,32,1,3,70,1,1.05,0.84,1.89,1.03,1.87,40.2,37.8,30.3,1.06,0.80,1.86,0.99,1.79
6,Atalanta,it Serie A,30,57.8,38,418,3420,96,68,7,10,80,2,2.53,1.79,4.32,2.34,4.13,82.1,74.5,53.6,2.16,1.41,3.57,1.96,3.37
7,Athletic Club,es La Liga,26,48.7,38,418,3420,40,23,8,10,90,2,1.05,0.61,1.66,0.84,1.45,38.5,31.0,23.6,1.01,0.62,1.63,0.81,1.44
8,Atlético Madrid,es La Liga,30,48.5,38,418,3420,50,35,6,8,93,3,1.32,0.92,2.24,1.16,2.08,52.5,46.4,34.4,1.38,0.90,2.28,1.22,2.13
9,Augsburg,de Bundesliga,28,38.1,34,374,3060,45,29,3,5,68,2,1.32,0.85,2.18,1.24,2.09,42.0,38.2,26.1,1.23,0.77,2.00,1.12,1.89
10,Barcelona,es La Liga,28,66.9,38,418,3420,84,62,6,6,92,6,2.21,1.63,3.84,2.05,3.68,66.3,61.9,48.3,1.75,1.27,3.02,1.63,2.90
11,Bayern Munich,de Bundesliga,29,65.6,34,374,3060,97,75,6,6,54,3,2.85,2.21,5.06,2.68,4.88,82.2,77.6,64.0,2.42,1.88,4.30,2.28,4.17
12,Betis,es La Liga,27,57.1,38,418,3420,48,35,6,8,108,9,1.26,0.92,2.18,1.11,2.03,47.3,41.3,32.1,1.24,0.84,2.09,1.09,1.93
13,Bologna,it Serie A,31,52.9,38,418,3420,48,31,5,6,109,7,1.26,0.82,2.08,1.13,1.95,53.2,48.7,36.4,1.40,0.96,2.36,1.28,2.24
14,Bordeaux,fr Ligue 1,26,53.9,28,308,2520,40,29,2,2,55,0,1.43,1.04,2.46,1.36,2.39,29.8,28.3,21.5,1.06,0.77,1.83,1.01,1.78
15,Bournemouth,eng Premier League,27,43.8,38,418,3420,38,24,4,4,78,3,1.00,0.63,1.63,0.89,1.53,42.5,39.5,27.2,1.12,0.72,1.83,1.04,1.75
16,Brescia,it Serie A,32,40.3,38,418,3420,34,22,4,4,95,6,0.89,0.58,1.47,0.79,1.37,42.6,39.6,25.5,1.12,0.67,1.79,1.04,1.71
17,Brest,fr Ligue 1,24,49.7,28,308,2520,32,27,1,5,45,2,1.14,0.96,2.11,1.11,2.07,30.2,26.4,21.0,1.08,0.75,1.83,0.94,1.69
18,Brighton,eng Premier League,25,52.2,38,418,3420,35,24,1,2,59,2,0.92,0.63,1.55,0.89,1.53,40.8,39.3,26.3,1.07,0.69,1.77,1.03,1.73
19,Burnley,eng Premier League,22,41.4,38,418,3420,41,30,3,3,67,0,1.08,0.79,1.87,1.00,1.79,43.9,41.6,27.2,1.15,0.72,1.87,1.09,1.81
20,Cagliari,it Serie A,33,45.5,38,418,3420,50,34,4,6,108,6,1.32,0.89,2.21,1.21,2.11,41.2,36.6,28.6,1.08,0.75,1.84,0.96,1.72
21,Celta Vigo,es La Liga,30,51.9,38,418,3420,37,26,6,9,104,6,0.97,0.68,1.66,0.82,1.50,37.8,31.0,25.0,0.99,0.66,1.65,0.82,1.47
22,Chelsea,eng Premier League,27,60.7,38,418,3420,69,46,7,7,60,0,1.82,1.21,3.03,1.63,2.84,66.6,61.8,46.5,1.75,1.22,2.98,1.63,2.85
23,Crystal Palace,eng Premier League,25,44.5,38,418,3420,29,20,3,3,62,2,0.76,0.53,1.29,0.68,1.21,33.7,31.6,23.4,0.89,0.62,1.50,0.83,1.45
24,Dijon,fr Ligue 1,28,46.5,28,308,2520,26,17,1,1,43,2,0.93,0.61,1.54,0.89,1.50,28.8,28.1,21.2,1.03,0.76,1.79,1.00,1.76
25,Dortmund,de Bundesliga,27,61.0,34,374,3060,84,74,2,2,49,1,2.47,2.18,4.65,2.41,4.59,59.1,57.9,47.1,1.74,1.38,3.12,1.70,3.09
26,Düsseldorf,de Bundesliga,28,45.4,34,374,3060,36,26,4,4,78,0,1.06,0.76,1.82,0.94,1.71,33.0,30.0,21.8,0.97,0.64,1.61,0.88,1.52
27,Eibar,es La Liga,26,46.3,38,418,3420,38,24,7,10,92,3,1.00,0.63,1.63,0.82,1.45,41.3,33.8,23.7,1.09,0.62,1.71,0.89,1.51
28,Eint Frankfurt,de Bundesliga,27,51.0,34,374,3060,57,45,2,2,71,4,1.68,1.32,3.00,1.62,2.94,52.5,51.0,38.3,1.54,1.13,2.67,1.50,2.63
29,Espanyol,es La Liga,31,47.3,38,418,3420,25,17,4,4,107,9,0.66,0.45,1.11,0.55,1.00,33.1,30.1,22.8,0.87,0.60,1.47,0.79,1.39
30,Everton,eng Premier League,24,49.2,38,418,3420,42,32,1,1,76,3,1.11,0.84,1.95,1.08,1.92,48.3,47.5,30.3,1.27,0.80,2.07,1.25,2.05
31,Fiorentina,it Serie A,33,47.3,38,418,3420,49,30,9,11,105,5,1.29,0.79,2.08,1.05,1.84,54.5,46.6,35.5,1.44,0.94,2.37,1.23,2.16
32,Freiburg,de Bundesliga,26,47.9,34,374,3060,46,27,5,6,43,2,1.35,0.79,2.15,1.21,2.00,41.7,37.2,27.7,1.23,0.81,2.04,1.09,1.91
33,Genoa,it Serie A,34,49.5,38,418,3420,46,28,11,16,107,10,1.21,0.74,1.95,0.92,1.66,47.5,35.4,25.5,1.25,0.67,1.92,0.93,1.60
34,Getafe,es La Liga,30,44.6,38,418,3420,42,31,6,7,135,5,1.11,0.82,1.92,0.95,1.76,37.9,32.5,25.6,1.00,0.67,1.67,0.86,1.53
35,Granada,es La Liga,27,43.7,38,418,3420,50,34,5,5,109,1,1.32,0.89,2.21,1.18,2.08,41.0,37.2,24.8,1.08,0.65,1.73,0.98,1.63
36,Hellas Verona,it Serie A,30,49.8,38,418,3420,45,27,8,9,87,7,1.18,0.71,1.89,0.97,1.68,48.9,42.2,31.5,1.29,0.83,2.12,1.11,1.94
37,Hertha BSC,de Bundesliga,32,44.7,34,374,3060,46,35,3,3,77,4,1.35,1.03,2.38,1.26,2.29,40.5,38.2,29.2,1.19,0.86,2.05,1.12,1.98
38,Hoffenheim,de Bundesliga,31,51.9,34,374,3060,52,36,3,4,66,2,1.53,1.06,2.59,1.44,2.50,49.7,46.7,33.4,1.46,0.98,2.45,1.37,2.36
39,Inter,it Serie A,29,54.2,38,418,3420,80,57,10,11,104,6,2.11,1.50,3.61,1.84,3.34,72.1,63.7,45.5,1.90,1.20,3.09,1.68,2.87
40,Juventus,it Serie A,30,58.3,38,418,3420,73,47,13,14,87,3,1.92,1.24,3.16,1.58,2.82,69.0,58.4,44.1,1.81,1.16,2.98,1.54,2.70
41,Köln,de Bundesliga,29,46.7,34,374,3060,50,38,2,4,79,4,1.47,1.12,2.59,1.41,2.53,47.1,44.4,31.7,1.38,0.93,2.32,1.31,2.24
42,Lazio,it Serie A,27,50.5,38,418,3420,77,45,15,17,99,2,2.03,1.18,3.21,1.63,2.82,68.0,55.2,42.2,1.79,1.11,2.90,1.45,2.56
43,Lecce,it Serie A,30,44.6,38,418,3420,52,30,11,15,98,5,1.37,0.79,2.16,1.08,1.87,53.8,43.0,30.9,1.42,0.81,2.23,1.13,1.94
44,Leganés,es La Liga,29,43.8,38,418,3420,30,19,3,5,127,4,0.79,0.50,1.29,0.71,1.21,37.2,33.4,23.6,0.98,0.62,1.60,0.88,1.50
45,Leicester City,eng Premier League,24,57.6,38,418,3420,65,48,5,7,43,3,1.71,1.26,2.97,1.58,2.84,60.8,55.4,43.1,1.60,1.14,2.73,1.46,2.59
46,Levante,es La Liga,29,48.4,38,418,3420,45,28,5,5,79,5,1.18,0.74,1.92,1.05,1.79,41.9,38.1,29.6,1.10,0.78,1.88,1.00,1.78
47,Leverkusen,de Bundesliga,24,63.8,34,374,3060,57,48,2,2,61,6,1.68,1.41,3.09,1.62,3.03,56.6,55.1,45.1,1.67,1.33,2.99,1.62,2.95
48,Lille,fr Ligue 1,25,53.0,28,308,2520,35,25,5,8,49,3,1.25,0.89,2.14,1.07,1.96,39.6,33.5,24.8,1.42,0.89,2.30,1.20,2.08
49,Liverpool,eng Premier League,24,63.4,38,418,3420,83,69,5,5,38,1,2.18,1.82,4.00,2.05,3.87,70.4,66.6,50.6,1.85,1.33,3.19,1.75,3.09
50,Lyon,fr Ligue 1,27,56.4,28,308,2520,42,29,5,6,49,4,1.50,1.04,2.54,1.32,2.36,37.1,32.7,26.0,1.32,0.93,2.25,1.17,2.10
51,M'Gladbach,de Bundesliga,25,52.4,34,374,3060,64,53,4,6,77,3,1.88,1.56,3.44,1.76,3.32,66.2,61.6,48.7,1.95,1.43,3.38,1.81,3.24
52,Mainz 05,de Bundesliga,25,43.2,34,374,3060,42,34,3,3,75,3,1.24,1.00,2.24,1.15,2.15,44.2,42.1,31.9,1.30,0.94,2.24,1.24,2.18
53,Mallorca,es La Liga,32,44.6,38,418,3420,39,21,8,10,93,5,1.03,0.55,1.58,0.82,1.37,39.2,31.7,22.2,1.03,0.59,1.62,0.83,1.42
54,Manchester City,eng Premier League,24,66.9,38,418,3420,100,69,6,11,64,4,2.63,1.82,4.45,2.47,4.29,93.2,84.8,66.4,2.45,1.75,4.20,2.23,3.98
55,Manchester Utd,eng Premier League,29,56.2,38,418,3420,65,43,10,14,73,0,1.71,1.13,2.84,1.45,2.58,59.8,49.2,37.4,1.57,0.98,2.56,1.29,2.28
56,Marseille,fr Ligue 1,23,54.0,28,308,2520,38,28,4,6,67,3,1.36,1.00,2.36,1.21,2.21,34.2,29.6,21.9,1.22,0.78,2.00,1.06,1.84
57,Metz,fr Ligue 1,24,45.3,28,308,2520,27,20,2,4,45,4,0.96,0.71,1.68,0.89,1.61,27.5,24.4,18.1,0.98,0.65,1.63,0.87,1.52
58,Milan,it Serie A,32,55.1,38,418,3420,60,38,8,9,97,6,1.58,1.00,2.58,1.37,2.37,60.1,53.5,42.3,1.58,1.11,2.70,1.41,2.52
59,Monaco,fr Ligue 1,28,50.8,28,308,2520,44,29,4,4,60,10,1.57,1.04,2.61,1.43,2.46,48.0,45.0,32.3,1.72,1.15,2.87,1.61,2.76
60,Montpellier,fr Ligue 1,27,47.6,28,308,2520,33,19,2,5,55,5,1.18,0.68,1.86,1.11,1.79,31.9,28.1,20.2,1.14,0.72,1.86,1.00,1.72
61,Nantes,fr Ligue 1,29,48.1,28,308,2520,23,16,2,2,51,2,0.82,0.57,1.39,0.75,1.32,27.8,26.4,21.5,0.99,0.77,1.76,0.94,1.71
62,Napoli,it Serie A,25,59.5,38,418,3420,60,45,5,5,73,2,1.58,1.18,2.76,1.45,2.63,62.5,58.8,47.7,1.65,1.26,2.90,1.55,2.80
63,Newcastle Utd,eng Premier League,28,38.6,38,418,3420,38,29,0,1,66,3,1.00,0.76,1.76,1.00,1.76,33.0,32.2,23.0,0.87,0.61,1.47,0.85,1.45
64,Nice,fr Ligue 1,31,55.0,28,308,2520,41,30,5,5,54,7,1.46,1.07,2.54,1.29,2.36,35.1,31.4,21.1,1.25,0.75,2.01,1.12,1.87
65,Nîmes,fr Ligue 1,28,44.6,28,308,2520,29,20,2,2,41,6,1.04,0.71,1.75,0.96,1.68,29.7,28.1,21.2,1.06,0.76,1.82,1.01,1.76
66,Norwich City,eng Premier League,30,49.3,38,418,3420,25,18,2,2,68,3,0.66,0.47,1.13,0.61,1.08,38.2,36.7,26.4,1.00,0.70,1.70,0.97,1.66
67,Osasuna,es La Liga,31,47.5,38,418,3420,46,26,8,8,110,6,1.21,0.68,1.89,1.00,1.68,44.7,38.6,29.1,1.18,0.77,1.94,1.02,1.78
68,Paderborn 07,de Bundesliga,27,45.7,34,374,3060,37,26,2,4,84,3,1.09,0.76,1.85,1.03,1.79,38.5,35.4,24.0,1.13,0.71,1.84,1.04,1.75
69,Paris S-G,fr Ligue 1,31,65.6,27,297,2430,71,51,6,8,50,1,2.63,1.89,4.52,2.41,4.30,71.1,65.0,50.9,2.63,1.89,4.52,2.41,4.29
70,Parma,it Serie A,25,43.6,38,418,3420,53,38,4,6,81,1,1.39,1.00,2.39,1.29,2.29,46.6,42.1,31.1,1.23,0.82,2.05,1.11,1.93
71,RB Leipzig,de Bundesliga,29,55.5,34,374,3060,81,58,5,5,53,3,2.38,1.71,4.09,2.24,3.94,70.7,67.1,52.0,2.08,1.53,3.61,1.97,3.50
72,Real Madrid,es La Liga,26,59.1,38,418,3420,70,52,11,11,82,4,1.84,1.37,3.21,1.55,2.92,63.8,55.4,44.5,1.68,1.17,2.85,1.46,2.63
73,Real Sociedad,es La Liga,27,56.6,38,418,3420,53,38,4,5,79,2,1.39,1.00,2.39,1.29,2.29,45.2,41.6,32.6,1.19,0.86,2.05,1.09,1.95
74,Reims,fr Ligue 1,26,48.8,28,308,2520,25,16,5,5,52,5,0.89,0.57,1.46,0.71,1.29,28.2,24.6,18.2,1.01,0.65,1.66,0.88,1.53
75,Rennes,fr Ligue 1,26,49.8,28,308,2520,37,26,3,5,51,1,1.32,0.93,2.25,1.21,2.14,36.5,32.6,23.7,1.30,0.85,2.15,1.16,2.01
76,Roma,it Serie A,31,52.9,38,418,3420,73,47,12,14,111,7,1.92,1.24,3.16,1.61,2.84,72.6,62.3,47.2,1.91,1.24,3.15,1.64,2.88
77,Saint-Étienne,fr Ligue 1,31,48.0,28,308,2520,28,20,5,5,59,3,1.00,0.71,1.71,0.82,1.54,28.8,25.1,18.2,1.03,0.65,1.68,0.90,1.55
78,Sampdoria,it Serie A,31,42.4,38,418,3420,48,25,9,12,111,7,1.26,0.66,1.92,1.03,1.68,51.2,42.1,30.3,1.35,0.80,2.15,1.11,1.91
79,Sassuolo,it Serie A,31,57.8,38,418,3420,69,49,5,6,99,3,1.82,1.29,3.11,1.68,2.97,55.9,51.4,39.4,1.47,1.04,2.51,1.35,2.39
80,Schalke 04,de Bundesliga,29,49.0,34,374,3060,35,25,2,2,64,2,1.03,0.74,1.76,0.97,1.71,35.4,33.9,25.0,1.04,0.73,1.78,1.00,1.73
81,Sevilla,es La Liga,26,58.4,38,418,3420,53,35,7,7,97,1,1.39,0.92,2.32,1.21,2.13,47.1,42.0,32.6,1.24,0.86,2.10,1.11,1.96
82,Sheffield Utd,eng Premier League,26,43.1,38,418,3420,36,25,1,1,63,2,0.95,0.66,1.61,0.92,1.58,41.5,40.7,31.4,1.09,0.83,1.92,1.07,1.90
83,Southampton,eng Premier League,25,49.3,38,418,3420,51,32,2,5,55,4,1.34,0.84,2.18,1.29,2.13,53.9,49.9,31.3,1.42,0.82,2.24,1.31,2.14
84,SPAL,it Serie A,34,46.8,38,418,3420,27,17,5,7,98,4,0.71,0.45,1.16,0.58,1.03,39.0,33.7,23.1,1.03,0.61,1.63,0.89,1.49
85,Strasbourg,fr Ligue 1,25,49.7,27,297,2430,32,21,3,4,46,1,1.19,0.78,1.96,1.07,1.85,35.0,31.9,23.6,1.30,0.87,2.17,1.18,2.06
86,Torino,it Serie A,27,47.5,38,418,3420,44,29,7,8,96,7,1.16,0.76,1.92,0.97,1.74,42.4,37.1,26.5,1.12,0.70,1.81,0.98,1.67
87,Tottenham,eng Premier League,29,52.2,38,418,3420,56,39,3,4,84,3,1.47,1.03,2.50,1.39,2.42,45.5,42.4,30.5,1.20,0.80,2.00,1.12,1.92
88,Toulouse,fr Ligue 1,30,44.0,28,308,2520,21,14,4,6,48,5,0.75,0.50,1.25,0.61,1.11,30.2,25.6,18.3,1.08,0.65,1.73,0.91,1.57
89,Udinese,it Serie A,25,44.7,38,418,3420,37,26,0,0,77,3,0.97,0.68,1.66,0.97,1.66,40.7,40.7,30.5,1.07,0.80,1.87,1.07,1.87
90,Union Berlin,de Bundesliga,26,41.8,34,374,3060,38,27,4,5,71,5,1.12,0.79,1.91,1.00,1.79,38.4,34.6,25.0,1.13,0.74,1.86,1.02,1.75
91,Valencia,es La Liga,28,48.9,38,418,3420,44,34,5,8,80,8,1.16,0.89,2.05,1.03,1.92,40.4,34.4,29.1,1.06,0.77,1.83,0.90,1.67
92,Valladolid,es La Liga,30,44.3,38,418,3420,31,19,3,6,84,0,0.82,0.50,1.32,0.74,1.24,35.6,31.0,22.5,0.94,0.59,1.53,0.82,1.41
93,Villarreal,es La Liga,25,53.2,38,418,3420,62,40,10,11,78,1,1.63,1.05,2.68,1.37,2.42,57.0,48.6,36.9,1.50,0.97,2.47,1.28,2.25
94,Watford,eng Premier League,26,42.5,38,418,3420,35,21,7,8,80,3,0.92,0.55,1.47,0.74,1.29,45.6,39.5,28.5,1.20,0.75,1.95,1.04,1.79
95,Werder Bremen,de Bundesliga,30,48.8,34,374,3060,40,30,3,6,80,4,1.18,0.88,2.06,1.09,1.97,41.4,36.9,27.5,1.22,0.81,2.03,1.09,1.89
96,West Ham,eng Premier League,29,44.0,38,418,3420,49,36,4,4,64,1,1.29,0.95,2.24,1.18,2.13,46.1,43.1,31.6,1.21,0.83,2.04,1.13,1.96
97,Wolfsburg,de Bundesliga,26,48.3,34,374,3060,48,33,4,4,71,4,1.41,0.97,2.38,1.29,2.26,47.3,44.3,33.9,1.39,1.00,2.39,1.30,2.30
98,Wolves,eng Premier League,21,48.3,38,418,3420,49,34,4,4,61,2,1.29,0.89,2.18,1.18,2.08,47.0,43.9,32.3,1.24,0.85,2.08,1.16,2.01